Spatial Distribution,Processor Utilization,Channel Utilization,Input Waiting Time,Channel Waiting Time
UN,0.839546,0.352431,308.491814,1.974686
UN,0.827412,0.506302,291.037663,9.556437
UN,0.802605,0.638516,264.928002,27.027618
UN,0.723403,0.767051,235.776888,61.848511
UN,0.72121,0.807812,189.680044,121.085884
UN,0.647035,0.841771,145.988097,205.881088
UN,0.567402,0.85033,118.323674,284.999115
UN,0.511627,0.865625,92.003542,368.157288
UN,0.47056,0.888828,80.43286,431.169037
UN,0.421877,0.882552,68.518468,505.119598
UN,0.901173,0.370026,495.533336,2.153823
UN,0.897863,0.53691,469.872618,11.002777
UN,0.871957,0.65737,447.158333,31.924433
UN,0.853846,0.772778,395.848075,84.117371
UN,0.796428,0.852561,311.877373,194.432526
UN,0.731779,0.910729,217.600589,341.365112
UN,0.640211,0.916259,157.213968,495.164948
UN,0.568923,0.924583,121.870069,626.139282
UN,0.514046,0.931484,101.696076,741.330261
UN,0.463145,0.931076,86.442861,851.930115
UN,0.923706,0.346441,688.57719,2.222387
UN,0.922138,0.518889,664.122822,11.448802
UN,0.928869,0.683047,622.974259,36.851643
UN,0.911611,0.809028,559.575905,97.074905
UN,0.850776,0.888976,438.777004,260.288574
UN,0.768916,0.933802,281.908378,498.907104
UN,0.673281,0.940807,202.216033,703.671875
UN,0.601595,0.951667,147.831672,886.009094
UN,0.538158,0.955781,123.761679,1042.865601
UN,0.488247,0.960156,108.13343,1182.806885
UN,0.961658,0.359453,865.229508,2.323333
UN,0.950974,0.52724,845.739986,12.018917
UN,0.938148,0.677891,814.701175,36.704994
UN,0.934972,0.817049,726.08212,106.477081
UN,0.911155,0.883964,561.201404,289.791046
UN,0.954375,0.794956,328.673091,569.042358
UN,0.960799,0.697823,237.074701,770.286499
UN,0.626211,0.972709,176.311116,943.934143
UN,0.557324,0.972031,137.785534,1112.935791
UN,0.504446,0.973524,125.978201,1258.460205
UN,0.816425,0.438524,304.142096,1.899652
UN,0.802371,0.56026,287.760631,9.239443
UN,0.77942,0.670156,261.583243,26.343061
UN,0.731806,0.732153,241.112137,61.675339
UN,0.681066,0.794358,194.910803,122.838882
UN,0.624804,0.837708,145.400461,207.630569
UN,0.560888,0.854826,120.476798,285.684875
UN,0.484743,0.837014,87.956296,380.017151
UN,0.448374,0.864141,77.160614,447.772125
UN,0.404992,0.858073,67.063865,524.617188
UN,0.849913,0.392665,498.420073,2.062736
UN,0.874955,0.570139,471.114584,10.711858
UN,0.850958,0.663828,452.291306,32.423492
UN,0.791423,0.843573,393.581999,83.810753
UN,0.786026,0.863238,311.382721,190.786957
UN,0.710901,0.894688,365.533325,199.974614
UN,0.611163,0.888915,159.535965,503.520325
UN,0.539734,0.890695,123.091451,638.689331
UN,0.491085,0.905625,98.180394,744.496521
UN,0.443039,0.90599,86.052872,857.977722
UN,0.896803,0.408776,691.580927,2.195465
UN,0.89971,0.552934,658.241134,11.211035
UN,0.888416,0.676302,636.182197,35.185795
UN,0.887363,0.799896,556.300537,103.991623
UN,0.83289,0.882118,429.255853,269.960358
UN,0.744839,0.914948,278.413418,511.700409
UN,0.663184,0.934853,192.790455,710.060181
UN,0.584847,0.933472,149.129576,884.266846
UN,0.519696,0.933203,123.914238,1044.152344
UN,0.47054,0.936372,102.923829,1199.370728
UN,0.914353,0.402378,872.458834,2.140482
UN,0.910044,0.54651,852.306247,11.266356
UN,0.915063,0.678776,814.131542,36.400436
UN,0.805937,0.905039,742.584297,101.311462
UN,0.8794,0.909071,544.772977,295.776855
UN,0.776228,0.938854,356.9093,548.018188
UN,0.682158,0.947917,227.405102,767.490173
UN,0.604104,0.950903,177.316797,939.929688
UN,0.539017,0.950547,145.25426,1105.541992
UN,0.489624,0.952865,126.660093,1251.231445
UN,0.837166,0.607049,264.944191,2.004246
UN,0.799354,0.684306,260.322674,9.472887
UN,0.852871,0.779792,209.804258,29.294453
UN,0.763965,0.795,196.745354,66.187737
UN,0.729444,0.827951,157.230179,133.006058
UN,0.625584,0.857292,128.417501,202.418213
UN,0.560313,0.878403,98.304158,281.745117
UN,0.531492,0.899167,85.586606,349.288635
UN,0.476232,0.909375,75.172233,411.124512
UN,0.423975,0.876389,64.562717,498.134125
UN,0.914756,0.515521,465.308045,2.220169
UN,0.91516,0.664167,432.340411,11.093018
UN,0.904898,0.762292,396.832563,35.288231
UN,0.861362,0.829028,363.243995,86.183983
UN,0.792027,0.867535,271.082784,218.846512
UN,0.705315,0.892083,192.780636,362.37619
UN,0.637113,0.918021,144.197162,494.74469
UN,0.565409,0.920833,109.11666,620.136169
UN,0.505995,0.90375,97.670696,746.678711
UN,0.455567,0.901736,86.230127,849.864807
UN,0.90698,0.484097,665.293585,2.27336
UN,0.919247,0.631389,634.179949,11.414202
UN,0.923054,0.741562,600.485778,35.754356
UN,0.907902,0.834861,516.166909,105.284363
UN,0.845062,0.90191,402.508533,274.173981
UN,0.733655,0.907083,260.326255,525.180847
UN,0.661952,0.927986,206.797478,689.955933
UN,0.586487,0.932778,144.352713,887.138184
UN,0.541788,0.945937,135.949253,1026.908203
UN,0.490409,0.945486,114.291223,1176.928711
UN,0.955848,0.479271,827.54203,2.391438
UN,0.935056,0.601667,810.791833,11.377554
UN,0.932695,0.724479,784.912542,37.361408
UN,0.915236,0.828333,700.461831,118.756714
UN,0.882814,0.923437,507.58366,313.291901
UN,0.771937,0.937083,336.628744,565.769348
UN,0.687306,0.955694,264.673434,745.52948
UN,0.617007,0.959167,178.332365,946.430603
UN,0.551504,0.955625,157.680668,1103.527954
UN,0.503592,0.954514,128.494491,1264.407837
UN,0.805631,0.669375,270.747872,1.942182
UN,0.711402,0.63875,285.337517,8.758454
UN,0.764771,0.779375,235.742445,27.745926
UN,0.714662,0.784306,226.975478,61.134068
UN,0.702304,0.838368,169.986024,126.200226
UN,0.625735,0.853958,133.539131,208.140411
UN,0.567802,0.910729,105.518029,277.625092
UN,0.495292,0.869167,87.992509,364.442078
UN,0.470201,0.9,77.335651,421.035217
UN,0.416087,0.853819,81.015041,499.487244
UN,0.898346,0.617708,458.073357,2.169365
UN,0.834869,0.639236,473.602198,10.44451
UN,0.884136,0.786042,399.531575,34.631821
UN,0.81023,0.806806,372.234784,445.018668
UN,0.762009,0.851389,272.973696,215.162201
UN,0.690723,0.89375,193.323326,373.463867
UN,0.599696,0.889097,150.016862,509.8172
UN,0.506488,0.831111,123.97509,666.255615
UN,0.491041,0.890938,102.805916,747.157043
UN,0.456873,0.916667,94.498951,835.229004
UN,0.895793,0.559549,659.521851,2.181244
UN,0.917185,0.667986,622.913749,11.909069
UN,0.896828,0.753542,599.416001,36.004375
UN,0.862535,0.837778,537.88127,102.455956
UN,0.803943,0.873785,399.242048,286.08728
UN,0.739532,0.916042,274.537311,509.905884
UN,0.638247,0.921424,167.733261,743.187683
UN,0.546533,0.911111,185.060726,874.141541
UN,0.497897,0.906563,132.752413,1055.804199
UN,0.457959,0.905556,137.567342,1188.806396
UN,0.933178,0.547396,851.836871,2.268084
UN,0.901664,0.626042,837.913631,11.165421
UN,0.878836,0.71125,819.288729,35.783009
UN,0.886027,0.830139,726.71872,105.661499
UN,0.846923,0.899479,556.42145,289.955444
UN,0.755375,0.926458,299.191908,598.604126
UN,0.643968,0.909271,265.510606,769.585083
UN,0.586142,0.930278,197.369362,932.586914
UN,0.538516,0.936562,172.631985,1065.520996
UN,0.491613,0.940972,147.869615,1233.783325
HR,0.549508,0.297951,327.044772,1.222985
HR,0.509507,0.357118,328.113813,5.670937
HR,0.531845,0.479036,303.152729,16.238094
HR,0.519655,0.543299,279.317307,45.07972
HR,0.515341,0.636632,198.615324,129.721649
HR,0.452565,0.649635,117.981682,262.34314
HR,0.381618,0.633707,96.904514,347.487946
HR,0.355369,0.672917,72.491967,424.036957
HR,0.32818,0.681484,64.535954,495.345062
HR,0.282082,0.655035,51.514464,575.525146
HR,0.572224,0.310929,500.454189,1.282619
HR,0.557274,0.393715,479.164027,6.012516
HR,0.585218,0.500182,458.150123,19.425623
HR,0.591425,0.620903,455.109135,45.844761
HR,0.557459,0.678125,342.885502,180.532654
HR,0.517327,0.721146,230.493497,358.594482
HR,0.458381,0.728741,126.359342,558.683594
HR,0.401393,0.728264,109.862502,662.153564
HR,0.365252,0.725547,86.830904,781.969604
HR,0.338053,0.738628,86.709082,868.8797
HR,0.567314,0.265434,662.928251,1.354892
HR,0.601986,0.407031,656.473887,7.1774
HR,0.649676,0.548307,619.675549,21.905952
HR,0.627225,0.638264,601.248564,53.570431
HR,0.609125,0.71276,507.519015,193.282196
HR,0.564138,0.757448,322.66365,472.804352
HR,0.49258,0.75645,189.742882,717.856323
HR,0.440587,0.76625,139.782762,889.111389
HR,0.409357,0.785234,144.69665,966.465942
HR,0.375879,0.784288,108.468607,1121.980713
HR,0.63489,0.308611,805.937932,1.522023
HR,0.625327,0.40151,799.71602,7.723398
HR,0.654058,0.559245,792.572565,22.386116
HR,0.66297,0.664514,750.52034,63.343914
HR,0.645673,0.742057,644.088642,200.854584
HR,0.591505,0.776667,447.4156,456.956177
HR,0.521848,0.774557,272.809553,689.914368
HR,0.490651,0.820486,202.79287,834.243164
HR,0.452518,0.846172,166.741261,974.687012
HR,0.41892,0.849566,141.082172,1099.184082
HR,0.418621,0.325694,330.567126,0.950721
HR,0.414236,0.371337,317.843877,4.682868
HR,0.393893,0.428255,321.257419,12.673223
HR,0.380225,0.495729,290.625295,33.187843
HR,0.341765,0.489323,231.736427,122.90625
HR,0.318841,0.560521,138.85743,262.651215
HR,0.268535,0.506832,96.498589,373.700378
HR,0.242966,0.524236,90.756925,439.287231
HR,0.221539,0.522734,75.023394,506.213196
HR,0.202377,0.509462,60.490983,602.795288
HR,0.452819,0.335625,521.344889,1.078156
HR,0.416491,0.400469,512.702741,4.814028
HR,0.40539,0.426172,494.651719,14.149101
HR,0.398521,0.516215,469.551196,36.513699
HR,0.397512,0.589583,383.694759,156.048096
HR,0.347587,0.584635,237.431619,380.817383
HR,0.324751,0.603385,191.278809,504.747375
HR,0.268258,0.559028,146.495822,660.401001
HR,0.254752,0.571719,104.067686,812.112305
HR,0.230011,0.545833,93.711371,915.025818
HR,0.526524,0.393082,650.631676,1.231869
HR,0.473054,0.416753,678.861945,5.644928
HR,0.447295,0.517943,677.316062,14.823047
HR,0.439256,0.526667,640.455567,41.55265
HR,0.445936,0.617231,551.62617,162.783722
HR,0.371522,0.578646,345.966081,497.685699
HR,0.332085,0.567231,284.934711,675.931763
HR,0.290999,0.564792,234.321275,863.256653
HR,0.282314,0.604687,198.169508,996.663574
HR,0.255619,0.611024,157.509882,1158.224731
HR,0.503035,0.382066,821.037681,1.196131
HR,0.482426,0.435399,832.629849,5.792946
HR,0.479445,0.49987,836.760791,17.800585
HR,0.484361,0.577292,825.793428,47.390614
HR,0.426271,0.557726,762.418444,162.10405
HR,0.406267,0.631094,537.662801,424.684723
HR,0.365252,0.631884,424.832467,615.394104
HR,0.338151,0.683056,284.647089,832.63324
HR,0.305455,0.640625,243.685678,988.797302
HR,0.286714,0.636458,194.823388,1154.155518
HR,0.622777,0.458889,311.912393,1.424685
HR,0.714232,0.653055,266.751283,7.784738
HR,0.563058,0.602188,295.00162,17.237011
HR,0.61408,0.7125,248.004784,47.139942
HR,0.58883,0.728646,181.319843,129.407547
HR,0.531492,0.797917,124.036349,1627.330246
HR,0.475336,0.795035,85.539297,323.723724
HR,0.413104,0.798333,75.917551,392.275299
HR,0.361952,0.770938,70.346343,473.47699
HR,0.335961,0.735069,59.854221,549.021851
HR,0.793967,0.503472,474.078984,1.854915
HR,0.779392,0.575347,459.408864,9.595086
HR,0.771373,0.758229,431.734106,26.096712
HR,0.737937,0.771528,382.593795,71.482933
HR,0.649532,0.800521,321.164792,185.400986
HR,0.580466,0.786875,161.651698,420.417145
HR,0.546245,0.867951,137.385957,518.351929
HR,0.493581,0.835833,97.337675,663.640259
HR,0.427316,0.806562,84.124586,777.911072
HR,0.407034,0.830556,82.302762,874.560791
HR,0.788644,0.46625,632.892659,25.108182
HR,0.8471,0.626042,636.190081,10.156638
HR,0.796617,0.669583,628.544874,29.106882
HR,0.787135,0.792361,592.618135,67.76693
HR,0.752581,0.826563,472.946322,212.689209
HR,0.686232,0.895833,254.090024,520.065125
HR,0.556637,0.818854,194.68858,736.940674
HR,0.533445,0.872222,144.084164,887.897278
HR,0.470176,0.867813,119.098713,1066.175171
HR,0.436457,0.862847,107.372065,1211.93335
HR,0.849374,0.495833,820.621205,1.980331
HR,0.853076,0.591667,801.114926,115.05100
HR,0.85156,0.696979,761.209416,30.706835
HR,0.805596,0.7575,747.394023,78.206543
HR,0.79196,0.859722,630.708725,221.464294
HR,0.638244,0.815833,395.293799,537.422058
HR,0.622735,0.892743,225.412774,761.577026
HR,0.553766,0.890556,188.420577,928.661072
HR,0.489242,0.87875,157.60558,1075.117432
HR,0.477834,0.921875,136.838134,1217.886597
HR,0.572178,0.476319,344.412678,1.393413
HR,0.558476,0.619861,319.720534,6.146375
HR,0.604414,0.651146,298.515323,19.377216
HR,0.639143,0.819167,243.422381,42.881931
HR,0.547472,0.789063,206.067076,110.907822
HR,0.448119,0.709583,225.488963,158.804123
HR,0.38111,0.705833,125.631665,314.990753
HR,0.37793,0.749167,87.270384,400.346375
HR,0.311804,0.677188,87.705551,490.02179
HR,0.305073,0.723958,59.292463,550.135315
HR,0.679129,0.555486,508.002074,1.496446
HR,0.707956,0.727222,480.132066,8.302955
HR,0.683511,0.710833,454.797569,23.719973
HR,0.690876,0.744583,411.688018,62.65062
HR,0.64273,0.826389,334.347245,182.825714
HR,0.5458,0.779375,190.350066,402.114136
HR,0.432759,0.72941,204.971539,485.1474
HR,0.420722,0.757778,141.801921,667.30658
HR,0.422564,0.799062,132.294159,728.156982
HR,0.347239,0.863194,110.316602,821.218018
HR,0.803096,0.549826,690.208567,2.026069
HR,0.769347,0.675208,642.837882,8.922665
HR,0.761153,0.730521,619.51453,26.240793
HR,0.683967,0.775556,624.406642,58.573162
HR,0.709455,0.842535,472.98318,221.735184
HR,0.604509,0.868958,371.598935,423.436707
HR,0.505288,0.875,217.553375,679.681152
HR,0.463521,0.774444,193.512634,870.919556
HR,0.408886,0.78375,184.823285,972.338074
HR,0.364302,0.798264,157.423829,1125.519653
HR,0.731229,0.498819,861.776137,21.294456
HR,0.781164,0.641042,834.790991,9.258657
HR,0.675502,0.604583,821.138662,25.449713
HR,0.733372,0.772083,817.520328,67.158897
HR,0.634559,0.819271,705.750487,185.278748
HR,0.615881,0.823125,427.56895,506.056
HR,0.550544,0.829792,361.920132,668.805542
HR,0.430889,0.756389,300.175428,859.233643
HR,0.470719,0.904687,216.179762,958.309814
HR,0.409884,0.828472,183.762009,1194.435669
PS,0.927886,0.469149,467.220073,2.25691
PS,0.914674,0.594844,444.583904,11.221832
PS,0.897633,0.713385,421.810454,34.58432
PS,0.867957,0.8075,374.280065,83.233231
PS,0.80322,0.869141,303.249182,190.616913
PS,0.715007,0.901146,225.88267,335.887207
PS,0.637811,0.92033,194.370202,448.49762
PS,0.561209,0.921806,141.776326,594.423401
PS,0.503471,0.923828,134.938714,688.62207
PS,0.460363,0.933333,115.919129,792.786804
PS,0.94723,0.407578,664.751138,2.302593
PS,0.936275,0.558073,648.914045,11.752433
PS,0.938896,0.701823,603.003875,37.560291
PS,0.916288,0.82066,545.087566,98.944687
PS,0.863297,0.901259,425.801938,255.613998
PS,0.771295,0.938385,315.421884,458.623169
PS,0.680886,0.952474,225.084681,664.535339
PS,0.606569,0.95875,185.147187,826.57782
PS,0.538424,0.956406,143.408169,999.04895
PS,0.492775,0.964583,125.056075,1135.979736
PS,0.956543,0.385946,854.506365,2.329191
PS,0.964797,0.549549,828.237477,12.197474
PS,0.958799,0.700755,786.852128,38.007793
PS,0.833681,0.945997,712.104035,104.889626
PS,0.90626,0.924262,556.958907,279.355682
PS,0.799148,0.954688,361.84257,535.853882
PS,0.705812,0.967908,254.808006,745.923279
PS,0.628214,0.975486,220.939988,898.211548
PS,0.561943,0.978594,191.264946,1053.160522
PS,0.509802,0.980382,147.265376,1211.382568
PS,0.787703,0.444939,297.272181,1.803502
PS,0.77177,0.542031,279.965347,8.760285
PS,0.75457,0.667812,260.250104,24.96559
PS,0.720497,0.732431,231.015389,54.264687
PS,0.673265,0.803776,200.816199,98.535614
PS,0.600602,0.827969,175.197572,164.131485
PS,0.521786,0.824323,134.413359,258.612244
PS,0.476747,0.854861,111.161267,320.643372
PS,0.431657,0.859922,84.187286,398.550964
PS,0.397266,0.872309,76.947265,452.322357
PS,0.877179,0.421649,475.167884,2.101553
PS,0.851833,0.533646,463.786026,10.140016
PS,0.877377,0.686354,416.138883,32.558105
PS,0.835567,0.780104,380.515425,76.65834
PS,0.781463,0.853733,314.613922,310.095978
PS,0.715298,0.902344,229.012375,371.66571
PS,0.63048,0.912431,200.58859,412.371552
PS,0.566405,0.926181,150.632315,541.182068
PS,0.50749,0.929844,124.408329,656.648621
PS,0.462423,0.935243,106.669307,750.842773
PS,0.915108,0.392778,659.665687,2.167838
PS,0.918623,0.55316,633.454923,11.410483
PS,0.898435,0.678542,615.454019,34.909355
PS,0.90209,0.816181,541.620146,95.616432
PS,0.859304,0.899957,434.18093,229.198608
PS,0.767585,0.935104,294.302512,450.834259
PS,0.671155,0.939957,256.529357,603.029236
PS,0.601854,0.953681,177.777102,793.640015
PS,0.539759,0.957344,139.549869,951.538147
PS,0.486748,0.95651,126.184347,1087.726685
PS,0.930484,0.394523,847.957303,2.192356
PS,0.942199,0.550712,826.762393,12.014284
PS,0.941612,0.695234,786.883481,36.644043
PS,0.927346,0.822292,709.664401,105.939613
PS,0.888311,0.915582,550.531361,274.691742
PS,0.797411,0.955,374.545667,512.345947
PS,0.706503,0.969549,243.629049,725.963135
PS,0.627709,0.973681,210.026391,885.104004
PS,0.560011,0.974687,172.818675,1040.495117
PS,0.50823,0.978386,160.397978,1180.058472
PS,0.86733,0.64684,246.261255,2.044179
PS,0.840152,0.702569,235.461691,10.14529
PS,0.824914,0.768854,217.819531,30.322653
PS,0.75785,0.785833,204.534258,58.60265
PS,0.714316,0.832118,158.143149,123.017624
PS,0.632461,0.844583,116.240102,214.452255
PS,0.551504,0.839028,113.595496,278.491974
PS,0.49651,0.860556,81.290563,364.986053
PS,0.452939,0.860937,83.883106,425.249847
PS,0.420933,0.865972,87.548434,483.833649
PS,0.936473,0.588333,440.568794,2.227537
PS,0.900764,0.662917,425.003658,10.88244
PS,0.90722,0.76625,396.412708,33.936623
PS,0.862785,0.83375,347.883212,94.348297
PS,0.807842,0.895833,291.412257,179.849548
PS,0.701786,0.895417,179.632006,374.583313
PS,0.639351,0.929931,145.010342,490.504761
PS,0.573968,0.931944,124.17505,603.130981
PS,0.511543,0.918437,113.861094,715.827026
PS,0.47255,0.929167,89.16558,830.844727
PS,0.9513,0.498715,636.497807,2.314414
PS,0.936808,0.639167,620.951115,11.713354
PS,0.931204,0.720729,587.482683,36.626431
PS,0.937835,0.859583,509.674402,102.300987
PS,0.864236,0.919097,354.147836,306.522491
PS,0.780074,0.944792,264.85216,497.36142
PS,0.687981,0.965174,199.986105,681.090576
PS,0.61379,0.9625,166.875076,845.246582
PS,0.549407,0.96375,131.749403,1007.446472
PS,0.50007,0.961111,120.57513,1151.877319
PS,0.974802,0.46934,822.921127,2.351146
PS,0.980224,0.638125,809.186312,12.150679
PS,0.971452,0.748021,755.084983,40.07254
PS,0.948199,0.86,686.45432,106.190559
PS,0.909553,0.944792,522.214254,295.415222
PS,0.806512,0.968958,313.497466,553.938843
PS,0.703002,0.964201,236.531664,755.845886
PS,0.635748,0.982778,176.748269,928.996765
PS,0.574563,0.990312,152.513064,1072.681763
PS,0.510356,0.965972,135.151713,1226.546875
PS,0.787135,0.608993,270.589738,1.870605
PS,0.781164,0.680347,245.813397,9.179881
PS,0.765629,0.784479,224.150588,25.114941
PS,0.721782,0.852083,204.244054,55.607788
PS,0.609036,0.79375,147.14324,149.28801
PS,0.600147,0.86,127.218886,202.291977
PS,0.545556,0.872326,91.945013,285.707153
PS,0.487692,0.856944,72.64524,365.927063
PS,0.450406,0.941562,77.53762,392.787323
PS,0.388274,0.869792,72.486585,483.779236
PS,0.904261,0.713958,416.99405,2.169803
PS,0.903137,0.740208,419.513506,10.854911
PS,0.888765,0.798229,392.270923,33.627537
PS,0.854246,0.85125,342.517993,85.455521
PS,0.791902,0.907639,264.207476,200.680069
PS,0.708413,0.937083,177.957505,362.55365
PS,0.612917,0.914618,147.050534,493.587738
PS,0.57831,0.953333,132.983807,574.596436
PS,0.508989,0.933125,109.738298,701.366394
PS,0.467505,0.939583,93.370477,808.651123
PS,0.965042,0.566181,630.808059,2.384536
PS,0.97462,0.704028,594.851999,12.422179
PS,0.965674,0.808437,564.654284,37.241966
PS,0.923701,0.865694,497.096637,104.177879
PS,0.845989,0.918403,324.235594,340.443665
PS,0.764771,0.941667,256.389778,504.08136
PS,0.672547,0.938194,194.248624,689.887268
PS,0.605648,0.966667,162.886466,832.789551
PS,0.547097,0.964062,129.470496,978.88269
PS,0.499688,0.963194,122.442908,1105.590332
PS,0.977722,0.556563,819.691756,2.383884
PS,0.986516,0.672708,793.754257,12.676008
PS,0.980612,0.785104,757.774533,39.742607
PS,0.965674,0.881111,662.787576,118.184151
PS,0.906607,0.941146,485.592935,970.432438
PS,0.79234,0.961042,363.094043,532.737732
PS,0.707199,0.981944,224.638088,751.67511
PS,0.61823,0.9625,206.922631,905.326843
PS,0.564482,0.979375,154.713952,1048.269897
PS,0.515257,0.980903,136.375081,1184.647461
